Rank 	Pokemon 	Overall HP  Atk Def SA  SD  Spd
1	Arceus	720	120	120	120	120	120	120
2	Dialga	680	100	120	120	150	100	90
5	Ho-Oh	680	106	130	90	110	154	90
6	Lugia	680	106	90	130	90	154	110
7	Mewtwo	680	106	110	90	154	90	130
8	Palkia	680	90	120	100	150	120	100
9	Rayquaza	680	105	150	90	150	90	95
10	Groudon	670	100	150	140	100	90	90
11	Kyogre	670	100	100	90	150	140	90
12	Regigigas	670	110	160	110	80	110	100
13	Slaking	670	150	160	100	95	65	100
14	Celebi	600	100	100	100	100	100	100
15	Cresselia	600	120	70	120	75	130	85
16	Darkrai	600	70	90	90	135	90	125
17	Deoxys	600	50	150	50	150	50	150
21	Dragonite	600	91	134	95	100	100	80
22	Garchomp	600	108	130	95	80	85	102
23	Heatran	600	91	90	106	130	106	77
24	Jirachi	600	100	100	100	100	100	100
25	Latias	600	80	80	90	110	130	110
26	Latios	600	80	90	80	130	110	110
27	Manaphy	600	100	100	100	100	100	100
28	Metagross	600	80	135	130	95	90	70
29	Mew	600	100	100	100	100	100	100
30	Salamence	600	95	135	80	110	80	100
31	Shaymin	600	100	100	100	100	100	100
33	Tyranitar	600	100	134	110	95	100	61
34	Articuno	580	90	85	100	95	125	85
35	Azelf	580	75	125	70	125	70	115
36	Entei	580	115	115	85	90	75	100
37	Mesprit	580	80	105	105	105	105	80
38	Moltres	580	90	100	90	125	85	90
39	Raikou	580	90	85	75	115	100	115
40	Regice	580	80	50	100	100	200	50
41	Regirock	580	80	100	200	50	100	50
42	Registeel	580	80	75	150	75	150	50
43	Suicune	580	100	75	115	90	115	85
44	Uxie	580	75	75	130	75	130	95
45	Zapdos	580	90	90	85	125	90	100
46	Arcanine	555	90	110	80	100	80	95
47	Togekiss	545	85	50	95	120	115	80
48	Blissey	540	255	10	10	75	135	55
49	Electivire	540	75	123	67	95	85	95
50	Gyarados	540	95	125	79	60	100	81
51	Kingdra	540	75	95	95	95	95	85
52	Magmortar	540	75	95	67	125	95	83
53	Milotic	540	95	60	79	100	125	81
54	Snorlax	540	160	110	65	65	110	30
55	Crobat	535	85	90	80	70	80	130
56	Lapras	535	130	85	80	85	95	60
57	Magnezone	535	70	70	115	130	90	60
58	Porygon-Z	535	85	80	70	135	75	90
59	Rhyperior	535	115	140	130	55	55	40
60	Swampert	535	100	110	90	85	90	60
61	Tangrowth	535	100	100	125	110	50	50
62	Charizard	534	78	84	78	109	85	100
63	Infernape	534	76	104	71	104	71	108
64	Typhlosion	534	78	84	78	109	85	100
65	Aggron	530	70	110	180	60	60	50
66	Blastoise	530	79	83	100	85	105	78
67	Blaziken	530	80	120	70	110	70	80
68	Empoleon	530	84	86	88	111	101	60
69	Feraligatr	530	85	105	100	79	83	78
70	Mamoswine	530	110	130	80	70	60	80
71	Sceptile	530	70	85	65	105	85	120
72	Walrein	530	110	80	90	95	90	65
73	Cloyster	525	50	95	180	85	45	70
74	Dusknoir	525	45	100	135	65	135	45
75	Espeon	525	65	65	60	130	95	110
76	Flareon	525	65	130	60	95	110	65
77	Glaceon	525	65	60	110	130	95	65
78	Hippowdon	525	108	112	118	68	72	47
79	Jolteon	525	65	65	60	110	95	130
80	Leafeon	525	65	110	130	60	65	95
81	Lucario	525	70	110	70	115	70	90
82	Meganium	525	80	82	100	83	100	80
83	Probopass	525	60	55	145	75	150	40
84	Torterra	525	95	109	105	75	85	56
85	Umbreon	525	95	65	110	60	130	65
86	Vaporeon	525	130	65	60	110	95	65
87	Venusaur	525	80	82	83	100	100	80
88	Luxray	523	80	120	79	95	79	70
89	Exeggutor	520	95	95	85	125	65	55
90	Flygon	520	80	100	80	80	80	100
96	Starmie	520	60	75	85	100	85	115
97	Gallade	518	68	125	65	65	115	80
98	Gardevoir	518	68	65	65	125	115	80
99	Aerodactyl	515	80	105	65	60	75	130
100	Lickilicky	515	110	85	95	80	95	50
101	Porygon2	515	85	80	90	105	95	60
102	Tentacruel	515	80	70	65	80	120	100
103	Yanmega	515	86	76	86	116	56	95
104	Gliscor	510	75	95	125	45	75	95
105	Steelix	510	75	85	200	55	65	30
106	Weavile	510	70	120	65	45	85	125
107	Honchkrow	505	100	125	52	105	52	71
108	Machamp	505	90	130	80	65	85	55
109	Ninetales	505	73	76	75	81	100	100
110	Roserade	505	60	70	55	125	105	90
111	Shuckle	505	20	10	230	10	230	5
112	Ampharos	500	90	75	75	115	90	55
113	Bronzong	500	67	89	116	79	116	33
114	Claydol	500	60	70	105	70	120	75
115	Donphan	500	90	120	120	60	60	50
116	Drapion	500	70	90	110	60	75	95
117	Gengar	500	60	65	60	130	75	110
118	Golduck	500	80	82	78	95	80	85
119	Heracross	500	80	125	75	40	95	85
120	Houndoom	500	75	90	50	110	80	95
121	Muk	500	105	105	75	65	100	50
122	Pinsir	500	65	125	100	55	70	85
123	Politoed	500	90	75	75	90	100	70
124	Poliwrath	500	90	85	95	70	90	70
125	Rapidash	500	65	100	70	80	80	105
126	Scizor	500	70	130	100	55	80	65
127	Scyther	500	70	110	80	55	80	105
128	Ursaring	500	90	130	75	75	75	55
129	Wailord	500	170	90	45	90	45	60
130	Drifblim	498	150	80	44	90	54	80
131	Armaldo	495	75	125	100	70	80	45
132	Bastiodon	495	60	52	168	47	138	30
133	Cradily	495	86	81	97	81	107	43
134	Floatzel	495	85	105	55	85	50	115
135	Kabutops	495	60	115	105	65	70	80
136	Magmar	495	65	95	57	100	85	93
137	Mismagius	495	60	60	60	105	105	105
138	Nidoking	495	81	92	77	85	75	85
139	Nidoqueen	495	90	82	87	75	85	76
140	Omastar	495	70	60	125	115	70	55
141	Rampardos	495	97	165	60	65	50	58
142	Abomasnow	494	90	92	75	92	85	60
143	Alakazam	490	55	50	45	135	85	120
144	Altaria	490	75	70	90	70	105	80
145	Electabuzz	490	65	83	57	95	85	105
146	Kangaskhan	490	105	95	80	40	80	90
147	Miltank	490	95	80	105	40	70	100
148	Slowbro	490	95	75	110	100	80	30
149	Slowking	490	95	75	80	100	110	30
150	Tauros	490	75	100	95	40	70	110
151	Toxicroak	490	83	106	65	86	65	85
152	Weezing	490	65	90	120	85	70	60
153	Golem	485	80	110	130	55	65	45
154	Gorebyss	485	55	84	105	114	75	52
155	Huntail	485	55	104	105	94	75	52
156	Relicanth	485	100	90	130	45	65	55
157	Rhydon	485	105	130	120	45	45	40
158	Spiritomb	485	50	92	108	92	108	35
159	Hypno	483	85	73	70	73	115	67
160	Ambipom	482	75	100	66	60	66	115
161	Bellossom	480	75	80	85	90	100	50
162	Electrode	480	60	50	70	80	80	140
163	Exploud	480	104	91	63	91	63	68
164	Froslass	480	70	80	70	80	70	110
165	Glalie	480	80	80	80	80	80	80
166	Lopunny	480	65	76	84	54	96	105
167	Ludicolo	480	80	70	70	90	100	70
168	Octillery	480	75	105	75	105	75	45
169	Phione	480	80	80	80	80	80	80
170	Shiftry	480	90	100	60	90	60	80
171	Victreebel	480	80	105	65	100	60	70
172	Vileplume	480	75	80	85	100	90	50
173	Skuntank	479	103	93	67	71	61	84
174	Cacturne	475	70	115	60	115	60	55
175	Dewgong	475	90	70	80	70	95	70
176	Gastrodon	475	111	83	68	92	82	39
177	Kingler	475	55	130	115	50	50	75
178	Manectric	475	70	75	60	105	60	105
179	Raichu	475	60	90	55	90	80	100
180	Staraptor	475	85	120	70	50	50	100
181	Hariyama	474	144	120	60	40	60	50
182	Vespiquen	474	70	80	102	80	102	40
183	Clefable	473	95	70	73	85	90	60
184	Grumpig	470	80	45	65	90	110	80
185	Torkoal	470	70	85	140	85	70	20
186	Xatu	470	65	75	70	95	70	95
187	Pidgeot	469	83	80	75	70	70	91
188	Crawdaunt	468	63	120	85	90	55	55
189	Whiscash	468	110	78	73	76	71	60
190	Swalot	467	100	73	83	73	83	55
191	Absol	465	65	130	60	75	60	75
192	Forretress	465	75	90	140	60	60	40
193	Magneton	465	50	60	95	120	70	70
194	Mantine	465	65	40	70	80	140	70
195	Skarmory	465	65	80	140	40	70	70
196	Stantler	465	73	95	62	85	65	85
197	Breloom	460	60	130	80	60	60	70
198	Camerupt	460	70	100	70	105	75	40
199	Dodrio	460	60	110	70	60	60	100
200	Lanturn	460	125	58	58	76	76	67
201	Lumineon	460	69	69	76	69	86	91
202	Mr. Mime	460	40	45	65	100	120	90
203	Sharpedo	460	70	120	40	95	40	95
204	Tropius	460	99	68	83	72	87	51
205	Seviper	458	73	100	60	100	60	65
206	Zangoose	458	73	115	60	60	60	90
207	Ninjask	456	61	90	45	50	50	160
208	Banette	455	64	115	65	83	63	65
209	Dusclops	455	40	70	130	60	130	25
210	Girafarig	455	70	80	65	90	65	85
211	Golbat	455	75	80	70	65	75	90
212	Hitmonchan	455	50	105	79	35	110	76
213	Hitmonlee	455	50	120	53	35	110	87
214	Hitmontop	455	50	95	95	35	110	70
215	Jynx	455	65	50	35	115	95	95
216	Primeape	455	65	105	60	60	70	95
217	Carnivine	454	74	100	72	90	72	46
218	Purugly	452	71	82	64	64	59	112
219	Chansey	450	250	5	5	35	105	50
220	Cherrim	450	70	60	70	87	78	85
221	Granbull	450	90	120	75	60	60	45
222	Jumpluff	450	75	55	70	55	85	110
223	Piloswine	450	100	100	80	60	60	50
224	Sandslash	450	75	100	110	45	55	65
225	Seaking	450	80	92	65	65	80	68
226	Venomoth	450	70	65	60	90	75	90
227	Fearow	442	65	90	65	61	61	100
228	Noctowl	442	100	50	50	76	96	70
229	Kecleon	440	60	90	70	60	120	40
230	Lunatone	440	70	55	65	95	85	70
231	Persian	440	65	70	60	65	65	115
232	Rotom	440	50	50	77	95	77	91
233	Seadra	440	55	65	95	95	45	85
234	Solrock	440	70	95	85	55	65	70
235	Vigoroth	440	80	80	80	55	55	90
236	Arbok	438	60	85	69	65	79	80
237	Misdreavus	435	60	60	60	85	85	85
238	Tangela	435	65	55	115	100	40	60
239	Gligar	430	65	75	105	35	65	85
240	Lairon	430	60	90	140	50	50	40
241	Pelipper	430	60	50	100	85	70	65
242	Quagsire	430	95	85	85	65	65	35
243	Qwilfish	430	65	95	75	55	55	85
244	Sneasel	430	55	95	55	35	75	115
245	Swellow	430	60	85	60	50	50	125
246	Chimecho	425	65	50	70	95	80	65
247	Marowak	425	60	80	110	50	80	45
248	Sunflora	425	75	75	55	105	85	30
249	Wigglytuff	425	140	70	45	75	50	45
250	Mothim	424	70	94	50	94	50	66
251	Wormadam	424	60	59	85	79	105	36
254	Castform	420	70	70	70	70	70	70
258	Dragonair	420	61	84	65	70	70	70
259	Linoone	420	78	70	61	50	61	100
260	Metang	420	60	75	100	55	80	50
261	Mightyena	420	70	90	70	60	60	70
262	Shelgon	420	65	95	100	60	50	50
263	Dunsparce	415	100	70	70	65	65	45
264	Furret	415	85	76	64	45	55	90
265	Masquerain	414	70	60	62	80	82	60
266	Raticate	413	55	81	60	50	70	97
267	Chatot	411	76	65	45	92	42	91
268	Azumarill	410	100	50	80	50	80	50
269	Bibarel	410	79	85	60	55	60	71
270	Gabite	410	68	90	65	50	55	82
271	Magcargo	410	50	50	120	80	80	30
272	Medicham	410	60	60	75	60	75	80
273	Ponyta	410	50	85	55	65	65	90
274	Pupitar	410	70	84	70	65	70	51
275	Sealeo	410	90	60	70	75	70	45
276	Sudowoodo	410	70	100	115	30	65	30
277	Bayleef	405	60	62	80	63	80	60
278	Charmeleon	405	58	64	58	80	65	80
279	Combusken	405	60	85	60	85	60	55
280	Croconaw	405	65	80	80	59	63	58
281	Dugtrio	405	35	80	50	50	70	120
282	Grotle	405	75	89	85	55	65	36
283	Grovyle	405	50	65	45	85	65	95
284	Haunter	405	45	50	45	115	55	95
285	Ivysaur	405	60	62	63	80	80	60
286	Machoke	405	80	100	70	50	60	45
287	Marshtomp	405	70	85	70	60	70	50
288	Minun	405	60	40	50	75	85	95
289	Monferno	405	64	78	52	78	52	81
290	Murkrow	405	60	85	42	85	42	91
291	Pachirisu	405	60	45	70	45	90	95
292	Parasect	405	60	95	80	60	80	30
293	Plusle	405	60	50	40	85	75	95
294	Prinplup	405	64	66	68	81	76	50
295	Quilava	405	58	64	58	80	65	80
296	Togetic	405	55	40	85	80	105	40
297	Wartortle	405	59	63	80	65	80	58
298	Wobbuffet	405	190	33	58	33	58	33
299	Illumise	400	65	47	55	73	75	85
300	Kadabra	400	40	35	30	120	70	105
301	Roselia	400	50	60	45	100	80	65
302	Volbeat	400	65	73	55	47	75	85
303	Wailmer	400	130	70	35	70	35	60
304	Gloom	395	60	65	70	85	75	40
305	Porygon	395	65	60	70	85	75	40
306	Ariados	390	70	90	70	60	60	40
307	Graveler	390	55	95	115	45	45	35
308	Ledian	390	55	35	50	55	110	85
309	Munchlax	390	135	85	40	40	85	5
310	Weepinbell	390	65	90	50	85	45	55
311	Yanma	390	65	65	45	75	45	95
312	Beautifly	385	60	70	50	90	50	65
313	Beedrill	385	65	80	40	45	80	75
314	Butterfree	385	60	45	50	80	80	70
315	Dustox	385	60	50	70	50	90	65
316	Lickitung	385	90	55	75	60	75	30
317	Onix	385	35	45	160	30	45	70
318	Poliwhirl	385	65	65	65	50	50	90
319	Kricketune	384	77	85	51	55	51	65
320	Corsola	380	55	55	85	65	85	35
321	Delcatty	380	70	65	65	55	55	70
322	Mawile	380	50	85	85	55	55	50
323	Sableye	380	50	75	75	65	65	50
324	Nosepass	375	30	45	135	45	90	30
325	Flaaffy	365	70	55	55	80	60	45
326	Magby	365	45	75	37	70	55	83
327	Nidorina	365	70	62	67	55	55	56
328	Nidorino	365	61	72	57	55	55	65
329	Luxio	363	60	85	49	60	49	60
330	Aipom	360	55	70	55	40	55	85
331	Elekid	360	45	63	37	65	55	95
332	Loudred	360	84	71	43	71	43	48
333	Spinda	360	60	60	60	60	60	60
334	Anorith	355	45	95	50	40	50	75
335	Kabuto	355	30	80	90	55	45	55
336	Lileep	355	66	41	77	61	87	23
337	Omanyte	355	35	40	100	90	55	35
338	Farfetch'd	352	52	65	55	58	62	60
339	Buneary	350	55	66	44	44	56	85
340	Cranidos	350	67	125	40	30	30	58
341	Growlithe	350	55	70	45	70	50	60
342	Shieldon	350	30	42	118	42	88	30
343	Pidgeotto	349	63	60	55	50	50	71
344	Drifloon	348	90	50	34	60	44	70
345	Clamperl	345	35	64	85	74	55	32
346	Mantyke	345	45	20	50	60	120	50
347	Rhyhorn	345	80	85	95	30	30	25
348	Koffing	340	40	65	95	60	45	35
349	Lombre	340	60	50	50	60	70	50
350	Nuzleaf	340	70	70	40	60	40	60
351	Skiploom	340	55	45	50	45	65	80
352	Staravia	340	55	75	50	40	40	80
353	Staryu	340	30	45	55	70	55	85
354	Vibrava	340	50	70	50	50	50	70
355	Unown	336	48	72	48	72	48	48
356	Cacnea	335	50	85	40	85	40	35
357	Tentacool	335	40	40	35	50	100	70
358	Snover	334	60	62	50	62	60	40
359	Aron	330	50	70	100	40	40	30
360	Buizel	330	55	65	35	60	30	85
361	Chinchou	330	75	38	38	56	56	67
362	Delibird	330	45	55	45	65	45	75
363	Finneon	330	49	49	56	49	61	66
364	Hippopotas	330	68	72	78	38	42	32
365	Houndour	330	45	60	30	80	50	65
366	Luvdisc	330	43	30	55	40	65	97
367	Phanpy	330	90	60	60	40	40	40
368	Skorupi	330	40	50	90	30	55	65
369	Spoink	330	60	25	35	70	80	60
370	Teddiursa	330	60	80	50	50	50	40
371	Voltorb	330	40	30	50	55	55	100
372	Stunky	329	63	63	47	41	41	74
373	Drowzee	328	60	48	45	43	90	42
374	Eevee	325	55	55	50	45	65	55
375	Exeggcute	325	60	40	80	60	45	40
376	Grimer	325	80	80	50	40	50	25
377	Krabby	325	30	105	90	25	25	50
378	Magnemite	325	25	35	70	95	55	45
379	Seel	325	65	45	55	45	70	45
380	Shellos	325	76	48	48	57	62	34
381	Clefairy	323	70	45	48	60	65	35
382	Cubone	320	50	50	95	40	50	35
383	Goldeen	320	45	67	60	35	50	63
384	Natu	320	40	50	45	70	45	70
385	Oddish	320	45	50	55	75	65	30
386	Psyduck	320	50	52	48	65	50	55
387	Bulbasaur	318	45	49	49	65	65	45
388	Chikorita	318	45	49	65	49	65	45
389	Turtwig	318	55	68	64	45	55	31
390	Slowpoke	315	90	65	65	40	40	15
391	Piplup	314	53	51	53	61	56	40
392	Squirtle	314	44	48	65	50	64	43
393	Totodile	314	50	65	64	44	48	43
394	Abra	310	25	20	15	105	55	90
395	Doduo	310	35	85	45	35	35	75
396	Gastly	310	30	35	30	100	35	80
397	Glameow	310	49	55	42	42	37	85
398	Mime Jr.	310	20	25	45	70	90	60
399	Mudkip	310	50	70	50	50	50	40
400	Swablu	310	45	40	60	40	75	50
401	Torchic	310	45	60	40	70	50	45
402	Treecko	310	40	45	35	65	55	70
403	Charmander	309	39	52	43	60	50	65
404	Chimchar	309	44	58	44	58	44	61
405	Cyndaquil	309	39	52	43	60	50	65
406	Corphish	308	43	80	65	50	35	35
407	Carvanha	305	45	90	20	65	20	65
408	Machop	305	70	80	50	35	35	35
409	Mankey	305	40	80	35	35	45	70
410	Numel	305	60	60	40	65	45	35
411	Shellder	305	30	65	100	45	25	40
412	Smoochum	305	45	30	15	85	65	65
413	Venonat	305	60	55	50	40	55	45
414	Gulpin	302	70	43	53	43	53	40
415	Bagon	300	45	75	60	40	30	50
416	Baltoy	300	40	40	55	40	70	55
417	Beldum	300	40	55	80	35	60	30
418	Bellsprout	300	50	75	35	70	30	40
419	Bronzor	300	57	24	86	24	86	23
420	Croagunk	300	48	61	40	61	40	50
421	Dratini	300	41	64	45	50	50	50
422	Geodude	300	40	80	100	30	30	20
423	Gible	300	58	70	45	40	45	42
424	Larvitar	300	50	64	50	45	50	41
425	Pikachu	300	35	55	30	50	40	90
426	Poliwag	300	40	50	40	40	40	90
427	Remoraid	300	35	65	35	65	35	65
428	Sandshrew	300	50	75	85	20	30	40
429	Snorunt	300	50	50	50	50	50	50
430	Snubbull	300	60	80	50	40	40	30
431	Vulpix	299	38	41	40	50	65	65
432	Duskull	295	20	40	90	30	90	25
433	Electrike	295	40	45	40	65	40	65
434	Horsea	295	30	40	70	70	25	60
435	Shroomish	295	60	40	60	40	60	35
436	Shuppet	295	44	75	35	63	33	45
437	Bonsly	290	50	80	95	10	45	10
438	Meowth	290	40	45	35	40	40	90
439	Pineco	290	50	65	90	35	35	15
440	Spheal	290	70	40	50	55	50	25
441	Trapinch	290	45	100	45	45	45	10
442	Barboach	288	50	48	43	46	41	60
443	Ditto	288	48	48	48	48	48	48
444	Ekans	288	35	60	44	40	54	55
445	Chingling	285	45	30	50	65	50	45
446	Paras	285	35	70	55	45	55	25
447	Riolu	285	40	70	40	35	40	60
448	Budew	280	40	30	35	50	70	55
449	Mareep	280	55	40	40	65	45	35
450	Meditite	280	30	40	55	40	55	60
451	Slakoth	280	60	60	60	35	35	30
452	Kirlia	278	38	35	35	65	55	50
453	Cherubi	275	45	35	45	62	53	35
455	Nidoran	273	46	57	40	40	40	50
456	Jigglypuff	270	115	45	20	45	25	20
457	Taillow	270	40	55	30	30	30	85
458	Wingull	270	40	30	30	55	30	85
459	Surskit	269	40	30	32	50	52	65
460	Nincada	266	31	45	90	30	30	40
461	Diglett	265	10	55	25	35	45	95
462	Ledyba	265	40	20	30	40	80	55
463	Shinx	263	45	65	34	40	34	45
464	Hoothoot	262	60	30	30	36	56	50
465	Spearow	262	40	60	30	31	31	70
466	Skitty	260	50	45	45	35	35	50
467	Wynaut	260	95	23	48	23	48	23
468	Rattata	253	30	56	35	25	35	72
469	Pidgey	251	40	45	40	35	35	56
470	Bidoof	250	59	45	40	35	40	31
471	Hoppip	250	35	35	40	35	55	50
472	Marill	250	70	20	50	20	50	40
473	Slugma	250	40	40	40	70	40	20
474	Smeargle	250	55	20	35	20	45	75
475	Spinarak	250	40	60	40	40	40	30
476	Swinub	250	50	50	40	30	30	50
477	Starly	245	40	55	30	30	30	60
478	Togepi	245	35	20	65	40	65	20
479	Zubat	245	40	45	35	30	40	55
480	Combee	244	30	30	42	30	42	70
481	Whismur	240	64	51	23	51	23	28
482	Zigzagoon	240	38	30	41	30	41	60
483	Makuhita	237	72	60	30	20	30	25
484	Shedinja	236	1	90	45	30	30	40
485	Burmy	224	40	29	45	29	45	36
486	Happiny	220	100	5	5	15	65	30
487	Lotad	220	40	30	30	40	50	30
488	Poochyena	220	35	55	35	30	30	35
489	Seedot	220	40	40	50	30	30	30
490	Cleffa	218	50	25	28	45	55	15
491	Sentret	215	35	46	34	35	45	20
492	Igglybuff	210	90	30	15	40	20	15
493	Tyrogue	210	35	35	35	35	35	35
494	Wooper	210	55	45	45	25	25	15
495	Cascoon	205	50	35	55	25	25	15
496	Kakuna	205	45	25	50	25	25	35
497	Metapod	205	50	20	55	25	25	30
498	Pichu	205	20	40	15	35	35	60
499	Silcoon	205	50	35	55	25	25	15
500	Feebas	200	20	15	20	10	55	80
501	Magikarp	200	20	10	55	15	20	80
502	Ralts	198	28	25	25	45	35	40
503	Caterpie	195	45	30	35	20	20	45
504	Weedle	195	40	35	30	20	20	50
505	Wurmple	195	45	45	35	20	30	20
506	Kricketot	194	37	25	41	25	41	25
507	Azurill	190	50	20	40	20	40	20
508	Sunkern	180	30	30	30	30	30	30